0.060112 -1.491393 
0.008732 -2.146648 
0.602947 -0.322702 
0.597637 -0.326640 
0.505360 -0.420690 
0.499450 -0.427243 
0.504766 -0.422237 
0.481051 -0.447157 
0.494411 -0.432770 
0.517911 -0.407753 
0.553320 -0.370951 
0.023140 -2.031391 
0.704351 -0.227732 
0.460222 -0.471738 
0.438790 -0.496898 
0.564484 -0.360105 
0.475053 -0.455165 
0.313337 -0.669709 
0.285341 -0.716649 
0.100374 -1.235254 
0.516661 -0.408825 
0.671458 -0.257883 
0.047198 -1.629316 
0.476864 -0.452773 
0.452377 -0.481067 
0.452973 -0.479799 
0.511942 -0.413320 
0.507338 -0.418915 
0.468171 -0.461757 
0.765990 -0.170425 
0.767899 -0.169145 
0.397816 -0.548032 
0.705516 -0.226993 
0.817238 -0.120329 
0.556201 -0.367909 
0.605298 -0.320136 
0.624465 -0.301196 
0.627479 -0.298690 
0.528156 -0.396917 
0.548006 -0.376349 
0.549334 -0.375172 
0.473234 -0.457219 
0.523928 -0.401636 
0.520332 -0.405315 
0.231196 -0.821179 
0.263136 -0.758867 
0.334117 -0.638944 
0.693574 -0.237940 
0.928345 0.018253 
0.443749 -0.491726 
0.385568 -0.565478 
0.586765 -0.338045 
0.431508 -0.505585 
0.429537 -0.508153 
0.146908 -1.041037 
0.353824 -0.609726 
0.994427 0.283598 
0.994771 0.000000 
0.554869 -0.368765 
0.757486 -0.178835 
0.411022 -0.531421 
0.428843 -0.509718 
0.426545 -0.512148 
0.617202 -0.308440 
0.632932 -0.293565 
0.649299 -0.277858 
0.440905 -0.493956 
0.440186 -0.495665 
0.295438 -0.701214 
0.680539 -0.249538 
0.188179 -0.921169 
0.190745 -0.913638 
0.092796 -1.264820 
0.601379 -0.324029 
0.450481 -0.483339 
0.451159 -0.482041 
0.475656 -0.453828 
0.503553 -0.422836 
0.493120 -0.434121 
0.498094 -0.428575 
0.535536 -0.388458 
0.533876 -0.390360 
0.534931 -0.389607 
0.512425 -0.413094 
0.211141 -0.865340 
0.215645 -0.855294 
0.380289 -0.571832 
0.370951 -0.585636 
0.466203 -0.464452 
0.339286 -0.630974 
0.351133 -0.612700 
0.397213 -0.549951 
0.400124 -0.545732 
0.409131 -0.533568 
0.458360 -0.474267 
0.423857 -0.515789 
0.559122 -0.364739 
0.442919 -0.491359 
0.442275 -0.493052 
0.574678 -0.349579 
0.572472 -0.351796 
0.570271 -0.353904 
0.567053 -0.356871 
0.526743 -0.398004 
0.551446 -0.373077 
0.550017 -0.374348 
0.471497 -0.458782 
0.526099 -0.399208 
0.521744 -0.404177 
0.062443 -1.479140 
0.223375 -0.838691 
0.236748 -0.809976 
0.942524 0.042947 
0.957812 0.075955 
0.253894 -0.775988 
0.121361 -1.129550 
0.293099 -0.706616 
0.293806 -0.703511 
0.685409 -0.244694 
0.683240 -0.246694 
0.684338 -0.245970 
0.325562 -0.652111 
0.282387 -0.723474 
0.287160 -0.714382 
0.729151 -0.205059 
0.585159 -0.339028 
0.768596 -0.168334 
0.034416 -1.817605 
0.838166 -0.098249 
0.821292 -0.116298 
0.614416 -0.311266 
0.626264 -0.299495 
0.021033 -2.049740 
0.287805 -0.713384 
0.289822 -0.710364 
0.255547 -0.772266 
0.259458 -0.766151 
0.331663 -0.642459 
0.328122 -0.648173 
0.335147 -0.638490 
0.673997 -0.255441 
0.356155 -0.604840 
0.072814 -1.381036 
0.081951 -1.332011 
0.081968 -1.332390 
0.143228 -1.054436 
0.197675 -0.897049 
0.134058 -1.085669 
0.751408 -0.183832 
0.696104 -0.235330 
0.700502 -0.231151 
0.813543 -0.123984 
0.639165 -0.287452 
0.296124 -0.699805 
0.298574 -0.854419 
0.688389 -0.242120 
0.675885 -0.253681 
0.682687 -0.247588 
0.681664 -0.248258 
0.317946 -0.663032 
0.320155 -0.659589 
0.270851 -0.742813 
0.272264 -0.741327 
0.179033 -0.943437 
0.193858 -0.906539 
0.106609 -1.197333 
0.660105 -0.268073 
0.658369 -0.270389 
0.720078 -0.212891 
0.599731 -0.325197 
0.600791 -0.324386 
0.640712 -0.286480 
0.207906 -0.874077 
0.199742 -0.890612 
0.200924 -0.888324 
0.373864 -0.580922 
0.382558 -0.568781 
0.366254 -0.592153 
0.364183 -0.595239 
0.810206 -0.127521 
0.050094 -1.605633 
0.041948 -1.694694 
0.026250 -1.973159 
0.395849 -0.551305 
0.816683 -0.120832 
0.421735 -0.518347 
0.609718 -0.315386 
0.620592 -0.305115 
0.895532 -0.030709 
0.964740 0.092042 
0.670253 -0.259218 
0.922146 0.007859 
0.993453 0.246043 
0.213532 -0.860905 
0.806677 -0.130992 
0.881764 -0.048096 
0.323947 -0.654147 
0.664177 -0.264191 
0.744512 -0.191148 
0.741227 -0.193820 
0.033788 -1.814588 
0.031957 -1.829111 
0.882367 -0.047866 
0.869140 -0.063873 
0.932318 0.024289 
0.890894 -0.036490 
0.174356 -0.957798 
0.182649 -0.935127 
0.180473 -0.940599 
0.092171 -1.265130 
0.652385 -0.275304 
0.736797 -0.197879 
0.738780 -0.196161 
0.737460 -0.196873 
0.068293 -1.426007 
0.063798 -1.468823 
0.049417 -1.609497 
0.041297 -1.697091 
0.043329 -1.678792 
0.706490 -0.225678 
0.901939 -0.021977 
0.911496 -0.008594 
0.859007 -0.075635 
0.897499 -0.027533 
0.925731 0.013122 
0.905562 -0.017316 
0.910966 -0.009393 
0.906390 -0.016049 
0.885637 -0.043259 
0.883865 -0.045982 
0.672693 -0.256803 
0.653381 -0.274819 
0.490950 -0.437272 
0.672114 -0.257424 
0.072233 -1.398581 
0.330968 -0.643627 
0.392866 -0.555634 
0.582656 -0.341595 
0.488863 -0.439784 
0.616167 -0.309117 
0.580396 -0.343701 
0.541121 -0.383048 
0.480445 -0.448308 
0.482322 -0.446262 
0.484210 -0.444524 
0.486819 -0.442081 
0.538831 -0.385923 
0.419630 -0.520816 
0.462187 -0.469017 
0.465561 -0.465862 
0.456588 -0.476348 
0.762977 -0.173456 
0.055344 -1.544408 
0.412587 -0.529827 
0.459613 -0.473123 
0.565135 -0.359010 
0.560474 -0.363878 
0.558471 -0.365852 
0.622217 -0.303744 
0.454146 -0.478996 
0.576909 -0.347107 
0.546896 -0.377681 
0.545740 -0.378913 
0.542975 -0.381555 
0.470157 -0.459715 
0.514238 -0.411244 
0.285858 -0.716662 
0.539419 -0.384831 
0.482976 -0.445417 
0.537532 -0.386789 
0.531910 -0.392699 
0.158857 -1.002007 
0.467502 -0.463511 
0.464270 -0.466919 
0.347695 -0.618253 
0.368219 -0.589453 
0.401461 -0.544124 
0.611635 -0.313533 
0.610991 -0.314615 
0.603772 -0.321387 
0.561166 -0.362668 
0.566429 -0.357936 
0.547404 -0.377413 
0.545157 -0.379483 
0.088920 -1.291399 
0.678173 -0.251771 
0.578184 -0.345904 
0.415489 -0.526563 
0.417429 -0.523752 
0.077258 -1.373983 
0.591830 -0.332673 
0.644481 -0.282646 
0.552124 -0.371890 
0.246802 -0.789087 
0.118476 -1.143382 
0.455988 -0.477464 
0.410425 -0.532501 
0.607345 -0.318100 
0.461533 -0.470339 
0.495511 -0.431245 
0.436458 -0.499811 
0.617740 -0.307483 
0.618849 -0.306810 
0.629958 -0.296338 
0.628084 -0.297972 
0.625662 -0.300448 
0.629360 -0.297028 
0.303689 -0.686944 
0.677626 -0.252033 
0.661572 -0.266679 
0.391414 -0.556832 
0.447016 -0.487063 
0.478672 -0.450443 
0.479232 -0.449231 
0.497607 -0.429075 
0.151447 -1.026131 
0.244821 -0.792116 
0.241848 -0.798090 
0.373277 -0.582614 
0.340858 -0.629465 
0.343255 -0.625144 
0.028468 -1.912765 
0.395126 -0.553451 
0.457754 -0.475499 
0.434480 -0.502375 
0.432706 -0.504623 
0.562519 -0.361900 
0.528834 -0.395708 
0.473832 -0.456094 
0.014100 -2.208627 
0.220657 -0.845964 
0.216326 -0.853012 
0.224773 -0.835819 
0.234562 -0.814993 
0.946915 0.051930 
0.760213 -0.176190 
0.279660 -0.727417 
0.742493 -0.193091 
0.743147 -0.192063 
0.345570 -0.621781 
0.341656 -0.626878 
0.364866 -0.593406 
0.840425 -0.096246 
0.841053 -0.095076 
0.612926 -0.312663 
0.748472 -0.186807 
0.169476 -0.973412 
0.218203 -0.848175 
0.227589 -0.830922 
0.289132 -0.711546 
0.689627 -0.241622 
0.338563 -0.633067 
0.337136 -0.634508 
0.086561 -1.306282 
0.355322 -0.606968 
0.079774 -1.346628 
0.073458 -1.385418 
0.074864 -1.377291 
0.619432 -0.305764 
0.788272 -0.149057 
0.785921 -0.151192 
0.853231 -0.082047 
0.789669 -0.147840 
0.249230 -0.783702 
0.165238 -0.983708 
0.165830 -0.982453 
0.167531 -0.977901 
0.750841 -0.184490 
0.753609 -0.181759 
0.770138 -0.167134 
0.647393 -0.280614 
0.307796 -0.680420 
0.306205 -0.683130 
0.265302 -0.758860 
0.274779 -0.737847 
0.178341 -0.946342 
0.176251 -0.954429 
0.047760 -1.640797 
0.596964 -0.327766 
0.595725 -0.328476 
0.583292 -0.340487 
0.377708 -0.574790 
0.374996 -0.579023 
0.352135 -0.611985 
0.361986 -0.597783 
0.360418 -0.599353 
0.051379 -1.597090 
0.407036 -0.536390 
0.119949 -1.142936 
0.122288 -1.128372 
0.615582 -0.310012 
0.607938 -0.317048 
0.622743 -0.302818 
0.623871 -0.302160 
0.766532 -0.169953 
0.030397 -1.869932 
0.858133 -0.076786 
0.676425 -0.253290 
0.045989 -1.647460 
0.589045 -0.336264 
0.939512 0.037646 
0.739419 -0.195074 
0.745188 -0.189933 
0.733162 -0.200992 
0.031809 -1.852393 
0.037533 -1.764334 
0.591176 -0.333348 
0.846708 -0.089129 
0.675276 -0.254515 
0.171246 -0.965136 
0.173066 -0.960074 
0.172440 -0.962624 
0.181200 -0.937620 
0.735698 -0.199056 
0.064492 -1.464027 
0.065888 -1.453602 
0.061890 -1.471408 
0.061362 -1.485385 
0.070345 -1.421509 
0.513618 -0.411769 
0.039436 -1.726863 
0.045322 -1.641370 
0.886881 -0.042219 
0.887590 -0.040600 
0.894071 -0.032942 
0.898682 -0.026524 
0.881139 -0.049389 
0.595127 -0.329391 
0.068990 -1.427918 
0.390392 -0.558857 
0.803076 -0.134563 
0.568208 -0.355996 
0.280532 -0.726940 
0.606008 -0.318932 
0.018763 -2.125987 
0.402686 -0.542756 
0.222657 -0.840401 
0.230008 -0.823367 
0.511336 -0.414582 
0.445169 -0.489612 
0.448419 -0.485771 
0.755231 -0.181015 
0.433302 -0.503302 
0.609102 -0.316390 
0.435139 -0.501298 
0.375569 -0.577756 
0.221288 -0.843496 
0.236024 -0.813140 
0.024067 -2.019266 
0.749089 -0.185948 
0.750316 -0.185090 
0.166982 -0.978688 
0.530914 -0.393513 
0.161471 -0.998135 
0.163190 -0.992736 
0.774504 -0.162306 
0.770913 -0.165907 
0.305837 -0.684449 
0.048261 -1.618380 
0.673361 -0.256558 
0.746515 -0.188926 
0.036369 -1.785481 
0.053414 -1.566804 
0.058394 -1.527101 
0.057363 -1.530086 
0.060439 -1.495349 
0.008450 -2.317303 
0.408109 -0.534414 
0.196892 -0.899531 
0.601964 -0.323395 
0.490355 -0.437507 
0.510186 -0.416003 
0.509668 -0.416271 
0.542041 -0.382278 
0.541504 -0.383422 
0.494199 -0.432476 
0.517820 -0.407636 
0.553083 -0.370659 
0.023448 -1.973723 
0.522869 -0.402995 
0.523520 -0.401435 
0.439701 -0.495157 
0.311925 -0.674409 
0.505646 -0.421473 
0.506313 -0.419845 
0.492492 -0.435105 
0.766992 -0.169903 
0.576270 -0.347903 
0.575767 -0.348443 
0.549049 -0.374922 
0.525709 -0.399073 
0.525055 -0.400368 
0.519108 -0.406523 
0.518503 -0.407406 
0.291851 -0.705802 
0.260965 -0.761770 
0.333777 -0.639604 
0.090778 -1.281980 
0.444305 -0.490282 
0.384993 -0.565354 
0.586276 -0.338153 
0.585446 -0.339336 
0.414439 -0.527910 
0.085201 -1.308730 
0.592883 -0.331326 
0.593289 -0.331220 
0.780805 -0.156890 
0.245146 -0.793076 
0.139135 -1.065483 
0.140112 -1.066840 
0.001275 -1.137637 
0.698556 -0.232798 
0.428459 -0.509103 
0.616904 -0.308461 
0.616428 -0.309242 
0.637979 -0.288802 
0.637299 -0.289446 
0.441384 -0.494390 
0.437618 -0.498387 
0.437008 -0.499868 
0.630350 -0.296078 
0.294025 -0.703515 
0.740322 -0.194380 
0.739700 -0.195356 
0.450178 -0.482945 
0.449466 -0.484574 
0.475901 -0.453870 
0.476533 -0.452318 
0.503749 -0.423355 
0.507689 -0.419458 
0.508443 -0.417729 
0.533945 -0.390581 
0.215240 -0.853992 
0.381265 -0.569982 
0.466509 -0.465142 
0.409351 -0.533915 
0.458714 -0.474105 
0.459335 -0.472632 
0.422815 -0.517024 
0.423434 -0.515402 
0.557352 -0.366810 
0.557986 -0.365738 
0.571930 -0.352114 
0.571364 -0.352932 
0.527161 -0.398125 
0.551126 -0.372718 
0.550451 -0.373947 
0.470441 -0.460112 
0.471086 -0.458963 
0.521535 -0.404144 
0.520858 -0.405677 
0.063604 -1.465290 
0.013236 -2.315861 
0.223855 -0.836674 
0.224551 -0.834324 
0.237166 -0.811152 
0.941993 0.041871 
0.701075 -0.230453 
0.683682 -0.246565 
0.315707 -0.667283 
0.281954 -0.723577 
0.287050 -0.713634 
0.103692 -1.208333 
0.667821 -0.260944 
0.205089 -0.880915 
0.769877 -0.166801 
0.574114 -0.350046 
0.573609 -0.350738 
0.626352 -0.299801 
0.021618 -2.090373 
0.288909 -0.710824 
0.288296 -0.712104 
0.259272 -0.765393 
0.918237 0.001877 
0.708918 -0.219847 
0.674373 -0.255479 
0.853564 -0.082352 
0.251751 -0.779217 
0.130600 -1.096401 
0.131065 -1.100504 
0.779529 -0.157753 
0.002868 -1.926329 
0.112045 -1.173448 
0.297737 -0.696281 
0.269176 -0.748274 
0.271161 -0.742837 
0.271829 -0.739924 
0.095609 -1.256366 
0.108730 -1.184036 
0.659832 -0.267963 
0.663576 -0.265045 
0.720326 -0.213244 
0.584213 -0.339752 
0.583538 -0.340917 
0.152926 -1.022864 
0.151936 -1.025733 
0.378187 -0.575060 
0.379301 -0.572384 
0.374918 -0.578938 
0.359312 -0.600780 
0.358713 -0.602684 
0.365855 -0.591352 
0.808059 -0.129963 
0.050868 -1.584156 
0.050310 -1.593643 
0.000399 -0.479313 
0.396940 -0.550022 
0.825123 -0.112207 
0.831674 -0.105525 
0.417973 -0.522380 
0.425011 -0.513474 
0.569800 -0.354050 
0.569221 -0.354966 
0.621964 -0.303531 
0.122529 -1.131035 
0.099775 -1.234703 
0.765024 -0.171270 
0.765477 -0.170969 
0.801559 -0.136331 
0.326372 -0.649452 
0.665955 -0.262539 
0.743494 -0.192037 
0.741586 -0.193793 
0.742184 -0.192862 
0.033483 -1.805650 
0.035759 -1.771649 
0.883668 -0.045842 
0.864778 -0.068578 
0.931328 0.023063 
0.852546 -0.083250 
0.322191 -0.658259 
0.183296 -0.932318 
0.179324 -0.945281 
0.180057 -0.942211 
0.737820 -0.197036 
0.049026 -1.601280 
0.040418 -1.717306 
0.040989 -1.720267 
0.042977 -1.674829 
0.027777 -1.884145 
0.027266 -1.942785 
0.904111 -0.018731 
0.902361 -0.021614 
0.889857 -0.037801 
0.859606 -0.074330 
0.921641 0.006741 
0.909451 -0.011496 
0.884435 -0.045005 
0.405997 -0.538063 
0.406471 -0.537294 
0.330675 -0.642959 
0.391896 -0.557336 
0.392585 -0.555646 
0.581562 -0.342636 
0.581093 -0.342804 
0.464643 -0.467087 
0.024553 -1.961563 
0.472348 -0.458025 
0.472960 -0.456777 
0.657849 -0.270256 
0.656846 -0.271409 
0.559998 -0.363626 
0.453290 -0.480170 
0.455674 -0.476931 
0.455057 -0.478207 
0.546876 -0.377258 
0.546248 -0.378383 
0.544014 -0.380566 
0.543455 -0.381500 
0.485822 -0.443255 
0.486249 -0.442406 
0.515432 -0.410032 
0.516010 -0.409405 
0.483958 -0.444146 
0.483317 -0.445252 
0.487879 -0.440816 
0.488339 -0.439917 
0.531860 -0.392562 
0.531362 -0.393544 
0.372801 -0.582360 
0.372154 -0.584102 
0.367906 -0.589584 
0.367266 -0.591152 
0.401407 -0.544141 
0.834211 -0.102921 
0.818255 -0.119326 
0.817701 -0.119865 
0.610734 -0.314255 
0.604134 -0.321361 
0.604907 -0.320077 
0.563491 -0.361014 
0.564138 -0.359850 
0.565396 -0.359019 
0.403813 -0.540954 
0.290834 -0.707320 
0.930822 0.022167 
0.445485 -0.489333 
0.579295 -0.344686 
0.578788 -0.345430 
0.577455 -0.346671 
0.416981 -0.523879 
0.247913 -0.785987 
0.116922 -1.151977 
0.155816 -1.014017 
0.156498 -1.010434 
0.356666 -0.605606 
0.555184 -0.369051 
0.553903 -0.370221 
0.461179 -0.469990 
0.462559 -0.469252 
0.463215 -0.468026 
0.636075 -0.290981 
0.650243 -0.277177 
0.649671 -0.277804 
0.436275 -0.499703 
0.629126 -0.296824 
0.501903 -0.424584 
0.275558 -0.734946 
0.448084 -0.485166 
0.447397 -0.486975 
0.536531 -0.387632 
0.535809 -0.388895 
0.148877 -1.037251 
0.239958 -0.803295 
0.240522 -0.800773 
0.468438 -0.462400 
0.469164 -0.460717 
0.340328 -0.628540 
0.342051 -0.627812 
0.342807 -0.625393 
0.757052 -0.178813 
0.756327 -0.179979 
0.394685 -0.552600 
0.393977 -0.554605 
0.399136 -0.547225 
0.457486 -0.474931 
0.562196 -0.361919 
0.561558 -0.362999 
0.532358 -0.391790 
0.533331 -0.390925 
0.010145 -2.387336 
0.217176 -0.849843 
0.226941 -0.830326 
0.226396 -0.833328 
0.235653 -0.811516 
0.234941 -0.814570 
0.249830 -0.784284 
0.758636 -0.177639 
0.278943 -0.730037 
0.588701 -0.335766 
0.587901 -0.337571 
0.345150 -0.621217 
0.344374 -0.623558 
0.800589 -0.137087 
0.799109 -0.138780 
0.794972 -0.142521 
0.611908 -0.313747 
0.233462 -0.816474 
0.691636 -0.239129 
0.688666 -0.242436 
0.336253 -0.635088 
0.337532 -0.634090 
0.338170 -0.632072 
0.086510 -1.307810 
0.086112 -1.326003 
0.076688 -1.366155 
0.075994 -1.379808 
0.073553 -1.387632 
0.074340 -1.390483 
0.529273 -0.395742 
0.529862 -0.394581 
0.164170 -0.988077 
0.163761 -0.992189 
0.166858 -0.976417 
0.754983 -0.180606 
0.006600 -2.227948 
0.006845 -2.115571 
0.176949 -0.954136 
0.177309 -0.951034 
0.175278 -0.954260 
0.728517 -0.205812 
0.725337 -0.208579 
0.598688 -0.325881 
0.598022 -0.326918 
0.596030 -0.328639 
0.110998 -1.182714 
0.376663 -0.576405 
0.376086 -0.577922 
0.355590 -0.606932 
0.360886 -0.600154 
0.361651 -0.597821 
0.363086 -0.596453 
0.363741 -0.594794 
0.125907 -1.116829 
0.614851 -0.310697 
0.623654 -0.301836 
0.029521 -1.888697 
0.029939 -1.901996 
0.030491 -1.872744 
0.857011 -0.078159 
0.496054 -0.430944 
0.496574 -0.430099 
0.677605 -0.251914 
0.676970 -0.252772 
0.046328 -1.620155 
0.047001 -1.625642 
0.733564 -0.201157 
0.836565 -0.100141 
0.038452 -1.736535 
0.038121 -1.777022 
0.037221 -1.757345 
0.843539 -0.093082 
0.054799 -1.532767 
0.054376 -1.556174 
0.120513 -1.139454 
0.181556 -0.939089 
0.736395 -0.198131 
0.065631 -1.449592 
0.059584 -1.493183 
0.052838 -1.563388 
0.052419 -1.580593 
0.886492 -0.042123 
0.893722 -0.032872 
0.862939 -0.070904 
0.895967 -0.030345 
0.896580 -0.028795 
0.897679 -0.027671 
0.880861 -0.049574 
0.872746 -0.059717 
0.863234 -0.071084 
0.876208 -0.055498 
0.056367 -1.534935 
0.056867 -1.520702 
0.070014 -1.413140 
0.390055 -0.558389 
0.797217 -0.140618 
0.018689 -2.104663 
0.402702 -0.542691 
0.402164 -0.545564 
0.221721 -0.842410 
0.230392 -0.824094 
0.228803 -0.827392 
0.229281 -0.825033 
0.590929 -0.333326 
0.590185 -0.334891 
0.432511 -0.504628 
0.608764 -0.316490 
0.608159 -0.317346 
0.273550 -0.739352 
0.274360 -0.736411 
0.243699 -0.795772 
0.727156 -0.206863 
0.218649 -0.848743 
0.369837 -0.586949 
0.370330 -0.585842 
0.787624 -0.149894 
0.594873 -0.329213 
0.594253 -0.330234 
0.749223 -0.186061 
0.747503 -0.187831 
0.748099 -0.186889 
0.169788 -0.970926 
0.170341 -0.969351 
0.167970 -0.974277 
0.020021 -2.075824 
0.016593 -2.184574 
0.499951 -0.426099 
0.162947 -0.991213 
0.304301 -0.684914 
0.679343 -0.250698 
0.679992 -0.249774 
0.044331 -1.662884 
0.044014 -1.684856 
0.841950 -0.094333 
0.841272 -0.095263 
0.933360 0.026383 
0.067067 -1.436257 
0.066583 -1.449357 
0.059078 -1.507479 
0.751661 -0.184083 
0.752457 -0.183032 
0.184789 -0.931910 
0.329615 -0.645176 
0.909980 -0.010797 
0.904555 -0.018681 
0.943050 0.043418 
0.956337 0.071838 
0.957053 0.073193 
0.719557 -0.213810 
0.716435 -0.216225 
0.256181 -0.770938 
0.843195 -0.092936 
0.090907 -1.282376 
0.981520 0.145707 
0.194509 -0.903544 
0.734266 -0.199981 
0.966095 0.095214 
0.965413 0.094201 
0.812900 -0.125194 
0.947416 0.053210 
0.951517 0.061147 
0.950961 0.059720 
0.949752 0.057256 
0.950342 0.058480 
0.216555 -0.852657 
0.972391 0.113539 
0.854548 -0.081254 
0.380641 -0.571376 
0.378679 -0.573862 
0.961963 0.084903 
0.963370 0.088860 
0.962646 0.086144 
0.773467 -0.163447 
0.654789 -0.273785 
0.353604 -0.609565 
0.031327 -1.860319 
0.940479 0.038497 
0.971755 0.110962 
0.970412 0.107086 
0.971072 0.109753 
0.016964 -2.109611 
0.061160 -1.495170 
0.007891 -2.161908 
0.602643 -0.322422 
0.510997 -0.414734 
0.542444 -0.382482 
0.517196 -0.408226 
0.552475 -0.371868 
0.522450 -0.402594 
0.438999 -0.496970 
0.310659 -0.676250 
0.311701 -0.673475 
0.642403 -0.284568 
0.506649 -0.420444 
0.704609 -0.227767 
0.705249 -0.226677 
0.575164 -0.349013 
0.548280 -0.376334 
0.524620 -0.400244 
0.519672 -0.406544 
0.261839 -0.760101 
0.089877 -1.286056 
0.090279 -1.275991 
0.384249 -0.566995 
0.712686 -0.219816 
0.082466 -1.319070 
0.084224 -1.318740 
0.592223 -0.332327 
0.141471 -1.057762 
0.139505 -1.069025 
0.138560 -1.073642 
0.001590 -1.331695 
0.427911 -0.510686 
0.637306 -0.289779 
0.442064 -0.492990 
0.438128 -0.498605 
0.631325 -0.295093 
0.630861 -0.295321 
0.294623 -0.700615 
0.186148 -0.928402 
0.187774 -0.923998 
0.740591 -0.194612 
0.449140 -0.484046 
0.504399 -0.422313 
0.501273 -0.425751 
0.508835 -0.417996 
0.495020 -0.431983 
0.534504 -0.389995 
0.213147 -0.859384 
0.214536 -0.857197 
0.202783 -0.884041 
0.467109 -0.463619 
0.409993 -0.533180 
0.422456 -0.516457 
0.556834 -0.366697 
0.570846 -0.353079 
0.527895 -0.396878 
0.012536 -2.237605 
0.013423 -2.194939 
0.238183 -0.807579 
0.714804 -0.217794 
0.719321 -0.213712 
0.888692 -0.039145 
0.702068 -0.229882 
0.701629 -0.229743 
0.686437 -0.243911 
0.685809 -0.244839 
0.684794 -0.245594 
0.286441 -0.714814 
0.966806 0.097384 
0.967507 0.098794 
0.666564 -0.262444 
0.206516 -0.874488 
0.205721 -0.877910 
0.769171 -0.167831 
0.573037 -0.351059 
0.626975 -0.299102 
0.256299 -0.771775 
0.257716 -0.768530 
0.915232 -0.002418 
0.706963 -0.225541 
0.708627 -0.223398 
0.675086 -0.254488 
0.145155 -1.047213 
0.199095 -0.894468 
0.131759 -1.094665 
0.986227 0.164753 
0.983539 0.154735 
0.778825 -0.158746 
0.780014 -0.157697 
0.774112 -0.162563 
0.002727 -1.980747 
0.695173 -0.236295 
0.695765 -0.235426 
0.815519 -0.122031 
0.113685 -1.175318 
0.114414 -1.164139 
0.296630 -0.698129 
0.299584 -0.692329 
0.299038 -0.694981 
0.686784 -0.243938 
0.318692 -0.663015 
0.267272 -0.750900 
0.268834 -0.746440 
0.269833 -0.744845 
0.095980 -1.251023 
0.109517 -1.186020 
0.105507 -1.203983 
0.106198 -1.203532 
0.662555 -0.265917 
0.663124 -0.265110 
0.584448 -0.340169 
0.640181 -0.286788 
0.153887 -1.018559 
0.153393 -1.017842 
0.379546 -0.573048 
0.351627 -0.613031 
0.359728 -0.601856 
0.365128 -0.593430 
0.790009 -0.148022 
0.000106 -0.420299 
0.661062 -0.267123 
0.426143 -0.512135 
0.425334 -0.514287 
0.568776 -0.355005 
0.959947 0.079839 
0.959261 0.079025 
0.958546 0.076871 
0.964710 0.092351 
0.922673 0.008545 
0.806042 -0.132056 
0.805682 -0.131948 
0.805095 -0.132896 
0.943636 0.045280 
0.945868 0.049963 
0.327718 -0.647686 
0.326657 -0.650244 
0.324443 -0.653820 
0.664281 -0.264323 
0.731696 -0.202599 
0.866357 -0.066785 
0.865896 -0.067701 
0.865100 -0.068600 
0.931994 0.024389 
0.851382 -0.084351 
0.852135 -0.083344 
0.975720 0.123667 
0.320334 -0.660574 
0.321151 -0.658923 
0.097581 -1.241210 
0.738470 -0.196099 
0.208439 -0.871065 
0.209684 -0.868162 
0.210660 -0.865327 
0.048359 -1.614082 
0.042281 -1.677356 
0.026667 -1.910355 
0.901239 -0.023195 
0.891304 -0.036333 
0.868970 -0.063797 
0.868387 -0.064571 
0.918972 0.002649 
0.921086 0.006105 
0.906220 -0.015711 
0.582260 -0.341697 
0.366930 -0.590543 
0.411400 -0.532109 
0.412040 -0.530609 
0.472116 -0.457487 
0.655503 -0.272868 
0.656539 -0.271418 
0.559308 -0.364851 
0.454718 -0.477739 
0.544608 -0.380266 
0.514795 -0.410610 
0.487287 -0.441210 
0.371574 -0.583955 
0.347410 -0.617384 
0.350329 -0.613448 
0.349790 -0.615197 
0.348858 -0.616238 
0.400802 -0.543743 
0.835984 -0.101261 
0.820355 -0.117360 
0.563165 -0.360613 
0.403279 -0.541348 
0.929708 0.020136 
0.444622 -0.490554 
0.579918 -0.344192 
0.644675 -0.283004 
0.645264 -0.282064 
0.247248 -0.786522 
0.357371 -0.603946 
0.460524 -0.471658 
0.463628 -0.468166 
0.652754 -0.275637 
0.651292 -0.276178 
0.435559 -0.500724 
0.628499 -0.297792 
0.301617 -0.689305 
0.302183 -0.688012 
0.302528 -0.688890 
0.276688 -0.733125 
0.275944 -0.736778 
0.536842 -0.387942 
0.151003 -1.031897 
0.150051 -1.033851 
0.149136 -1.034697 
0.241296 -0.800890 
0.469458 -0.461225 
0.339530 -0.630874 
0.755995 -0.179768 
0.393546 -0.553766 
0.456901 -0.476150 
0.011279 -2.317140 
0.010656 -2.211870 
0.225778 -0.832399 
0.092991 -1.268968 
0.094062 -1.258109 
0.094927 -1.258286 
0.784320 -0.153360 
0.758153 -0.177881 
0.587575 -0.336935 
0.161077 -0.996407 
0.159384 -1.005149 
0.344035 -0.622685 
0.799031 -0.138733 
0.800068 -0.137784 
0.792804 -0.144630 
0.795366 -0.142586 
0.015248 -2.183860 
0.233813 -0.818594 
0.692480 -0.238432 
0.690561 -0.240747 
0.335672 -0.636581 
0.087379 -1.303303 
0.080902 -1.335513 
0.075556 -1.370334 
0.530340 -0.394549 
0.856783 -0.077944 
0.771339 -0.165798 
0.005086 -2.078611 
0.264771 -0.755717 
0.264751 -0.755290 
0.177979 -0.948508 
0.599090 -0.326155 
0.596663 -0.327740 
0.111638 -1.177205 
0.377171 -0.576231 
0.354690 -0.608530 
0.362697 -0.595770 
0.623072 -0.302818 
0.028945 -1.863280 
0.497098 -0.429808 
0.939079 0.037001 
0.937015 0.033032 
0.078614 -1.348224 
0.079217 -1.353851 
0.941464 0.040472 
0.941021 0.039892 
0.953331 0.064839 
0.955561 0.069374 
0.128410 -1.106118 
0.039037 -1.752192 
0.036656 -1.754297 
0.053808 -1.547587 
0.846978 -0.089294 
0.182317 -0.936763 
0.064923 -1.453951 
0.072107 -1.398604 
0.071438 -1.416832 
0.070992 -1.406031 
0.512368 -0.413188 
0.513021 -0.412644 
0.761360 -0.175324 
0.051858 -1.575483 
0.885969 -0.043283 
0.860043 -0.074447 
0.896806 -0.029117 
0.880295 -0.050532 
0.871721 -0.060672 
0.872683 -0.059551 
0.878252 -0.052382 
0.055832 -1.522105 
0.389420 -0.560129 
0.358249 -0.601979 
0.797800 -0.139644 
0.796924 -0.140603 
0.222396 -0.839187 
0.228103 -0.827479 
0.386030 -0.564071 
0.387166 -0.563606 
0.589849 -0.334483 
0.273071 -0.738122 
0.242490 -0.798182 
0.243016 -0.795806 
0.727714 -0.206415 
0.220345 -0.844224 
0.369223 -0.587986 
0.786695 -0.150812 
0.787172 -0.150071 
0.792095 -0.145798 
0.747151 -0.187806 
0.020510 -2.152444 
0.015981 -2.106779 
0.162301 -0.993590 
0.777133 -0.159507 
0.304786 -0.685869 
0.678847 -0.250831 
0.044996 -1.664324 
0.933011 0.026253 
0.067803 -1.441856 
0.752829 -0.183200 
0.997130 0.000000 
0.996606 0.000000 
0.968996 0.103021 
0.968249 0.101531 
0.960606 0.081528 
0.976282 0.125895 
0.818718 -0.119233 
0.980864 0.141720 
0.982074 0.147375 
0.989720 0.187401 
0.987141 0.173966 
0.140485 -1.061790 
0.969706 0.105602 
0.985342 0.164687 
0.961256 0.082579 
0.964015 0.089318 
0.974362 0.120713 
0.820711 -0.117371 
0.954575 0.067193 
0.952113 0.062232 
0.952724 0.064113 
0.954012 0.066696 
0.995849 0.000000 
0.995419 0.000000 
0.998509 0.000000 
0.997907 0.000000 
0.992466 0.220442 
0.989383 0.187517 
0.009235 -2.292421 
0.414029 -0.527536 
0.703342 -0.228453 
0.312753 -0.671864 
0.641383 -0.285358 
0.480158 -0.447912 
0.706043 -0.226227 
0.412141 -0.530670 
0.173296 -0.961194 
0.292721 -0.705199 
0.926389 0.014904 
0.927265 0.016400 
0.712074 -0.220663 
0.711262 -0.220839 
0.713142 -0.219815 
0.085503 -1.308339 
0.866623 -0.066562 
0.780653 -0.156736 
0.781366 -0.156263 
0.689317 -0.241741 
0.000199 -0.615732 
0.698004 -0.233324 
0.619659 -0.306003 
0.110025 -1.186550 
0.189117 -0.920923 
0.189812 -0.917565 
0.093648 -1.266418 
0.668876 -0.260091 
0.669223 -0.260108 
0.212178 -0.864150 
0.203815 -0.883128 
0.639405 -0.287754 
0.465267 -0.465912 
0.310061 -0.676128 
0.309471 -0.677976 
0.263620 -0.756921 
0.263701 -0.756969 
0.715882 -0.216917 
0.717445 -0.215314 
0.643832 -0.283394 
0.643389 -0.283825 
0.254014 -0.776024 
0.255053 -0.774595 
0.890262 -0.037671 
0.702810 -0.229275 
0.121646 -1.135434 
0.316541 -0.665979 
0.316313 -0.666201 
0.313805 -0.670477 
0.283561 -0.721783 
0.277625 -0.731892 
0.278044 -0.731077 
0.101794 -1.221119 
0.796367 -0.141380 
0.838509 -0.098139 
0.258339 -0.768019 
0.332724 -0.640132 
0.333041 -0.641054 
0.327229 -0.649167 
0.328621 -0.646723 
0.328992 -0.646105 
0.692746 -0.238796 
0.214263 -0.857645 
0.081449 -1.342536 
0.850957 -0.084425 
0.850246 -0.085696 
0.848181 -0.088054 
0.848871 -0.086775 
0.142148 -1.055406 
0.148002 -1.036932 
0.251098 -0.782176 
0.250514 -0.781467 
0.446379 -0.488561 
0.136729 -1.076205 
0.133225 -1.085775 
0.132100 -1.091840 
0.141129 -1.062181 
0.133862 -1.083253 
0.136843 -1.076295 
0.136112 -1.075197 
0.690164 -0.240718 
0.691074 -0.240248 
0.778599 -0.158421 
0.777860 -0.159368 
0.003505 -2.001672 
0.001425 -1.544483 
0.003467 -2.013688 
0.003794 -2.148074 
0.694412 -0.237077 
0.700116 -0.231156 
0.211667 -0.862867 
0.648593 -0.279098 
0.648195 -0.279048 
0.212588 -0.861767 
0.687492 -0.242770 
0.687742 -0.243151 
0.317013 -0.663949 
0.311164 -0.674227 
0.193506 -0.907710 
0.192903 -0.910588 
0.096609 -1.250074 
0.104670 -1.202286 
0.108323 -1.190356 
0.107671 -1.190426 
0.658940 -0.269396 
0.659151 -0.269438 
0.657390 -0.270530 
0.726436 -0.207236 
0.722817 -0.210531 
0.155468 -1.011917 
0.154917 -1.016108 
0.208402 -0.870979 
0.200282 -0.891480 
0.349488 -0.614194 
0.811374 -0.126076 
0.764058 -0.172182 
0.764495 -0.171961 
0.123938 -1.123529 
0.124769 -1.119401 
0.900818 -0.023378 
0.894727 -0.031570 
0.098860 -1.236983 
0.670903 -0.258491 
0.993797 0.296613 
0.137450 -1.077649 
0.319633 -0.661096 
0.318485 -0.662324 
0.185317 -0.927941 
0.185889 -0.926755 
0.187156 -0.924369 
0.807691 -0.130041 
0.948595 0.055405 
0.948066 0.054043 
0.322889 -0.655338 
0.102285 -1.221226 
0.731135 -0.203244 
0.730748 -0.203566 
0.870090 -0.062818 
0.207446 -0.873203 
0.210091 -0.870479 
0.903020 -0.020368 
0.912670 -0.006995 
0.913647 -0.004770 
0.868041 -0.064716 
0.858803 -0.075350 
0.892245 -0.035556 
0.918464 0.001772 
0.924575 0.011984 
0.911998 -0.007848 
0.907508 -0.014622 
0.884749 -0.044989 
0.876695 -0.054517 
0.791048 -0.146822 
0.867481 -0.065840 
0.867173 -0.065891 
0.532838 -0.391621 
0.152399 -1.020488 
0.655823 -0.272661 
0.284734 -0.719107 
0.899432 -0.025602 
0.348413 -0.616541 
0.796016 -0.141560 
0.006658 -2.384229 
0.835483 -0.101283 
0.262682 -0.758290 
0.930135 0.020925 
0.077930 -1.360443 
0.646335 -0.281435 
0.246780 -0.788991 
0.246187 -0.791763 
0.730214 -0.204189 
0.761935 -0.174261 
0.641677 -0.285595 
0.955357 0.069572 
0.147383 -1.035836 
0.303203 -0.686554 
0.149658 -1.030466 
0.244199 -0.793488 
0.799798 -0.137686 
0.832895 -0.104297 
0.833522 -0.103623 
0.011684 -2.229519 
0.225357 -0.835256 
0.321741 -0.657076 
0.094689 -1.256259 
0.899873 -0.024594 
0.783301 -0.153873 
0.783571 -0.154153 
0.354419 -0.609023 
0.279989 -0.727943 
0.631844 -0.294585 
0.744183 -0.190889 
0.346307 -0.619818 
0.346666 -0.619612 
0.839518 -0.097103 
0.336423 -0.635913 
0.088332 -1.292769 
0.087919 -1.300625 
0.083608 -1.314374 
0.079946 -1.340689 
0.855306 -0.079792 
0.789213 -0.148233 
0.248656 -0.786769 
0.773111 -0.163448 
0.772354 -0.164722 
0.772070 -0.164466 
0.776637 -0.160473 
0.005698 -2.299338 
0.005950 -2.151596 
0.760865 -0.175574 
0.826576 -0.111085 
0.646964 -0.280354 
0.306742 -0.681633 
0.724399 -0.209571 
0.156305 -1.012038 
0.157003 -1.007643 
0.118932 -1.145724 
0.007466 -2.311259 
0.837630 -0.099384 
0.828328 -0.109077 
0.936445 0.031506 
0.845584 -0.090564 
0.844845 -0.091829 
0.844353 -0.092065 
0.781756 -0.155974 
0.119508 -1.138574 
0.735396 -0.199013 
0.734669 -0.200104 
0.860699 -0.073493 
0.862315 -0.071875 
0.874159 -0.057823 
0.892818 -0.034384 
0.893071 -0.034478 
0.881934 -0.048339 
0.878455 -0.052679 
0.879140 -0.051522 
0.879529 -0.051600 
0.882837 -0.047154 
0.865639 -0.067680 
0.870707 -0.061686 
0.864197 -0.069950 
0.863833 -0.070020 
0.804224 -0.133813 
0.567485 -0.356895 
0.797908 -0.139707 
0.798484 -0.139247 
0.019115 -2.044721 
0.019561 -2.102659 
0.386684 -0.563075 
0.899190 -0.025477 
0.430498 -0.506441 
0.384508 -0.566795 
0.231587 -0.820851 
0.025659 -1.936605 
0.383159 -0.568956 
0.383603 -0.567694 
0.823981 -0.113562 
0.500826 -0.425497 
0.498553 -0.427876 
0.352056 -0.612007 
0.775572 -0.161344 
0.266925 -0.750113 
0.268223 -0.748926 
0.702587 -0.229013 
0.030840 -1.836379 
0.665373 -0.263426 
0.129892 -1.102938 
0.128765 -1.108414 
0.842420 -0.094223 
0.305299 -0.684036 
0.007478 -2.136183 
0.407460 -0.535300 
0.408423 -0.535095 
0.194793 -0.905663 
0.196441 -0.900742 
0.489319 -0.438706 
0.489874 -0.438607 
0.433504 -0.503703 
0.481965 -0.446481 
0.481338 -0.447359 
0.493535 -0.433741 
0.022967 -2.019700 
0.413361 -0.529271 
0.413064 -0.528598 
0.474083 -0.456034 
0.474673 -0.454806 
0.312600 -0.671758 
0.097921 -1.244333 
0.452053 -0.480652 
0.451477 -0.481969 
0.492041 -0.435607 
0.491405 -0.436338 
0.767640 -0.168834 
0.420366 -0.519049 
0.555937 -0.367774 
0.292183 -0.707316 
0.260458 -0.764046 
0.633623 -0.292654 
0.091723 -1.276516 
0.091417 -1.287463 
0.927755 0.016341 
0.443393 -0.491559 
0.711473 -0.221071 
0.713828 -0.218629 
0.415072 -0.526297 
0.084551 -1.308638 
0.429861 -0.508097 
0.001248 -0.954704 
0.000573 -0.961773 
0.477490 -0.451417 
0.502977 -0.423807 
0.499056 -0.427503 
0.538523 -0.385506 
0.203172 -0.885603 
0.399854 -0.545603 
0.421377 -0.517764 
0.062994 -1.462726 
0.314423 -0.668378 
0.283408 -0.721203 
0.282986 -0.720442 
0.104250 -1.210018 
0.667135 -0.261642 
0.170653 -0.968090 
0.022088 -2.019699 
0.022706 -2.079445 
0.258820 -0.765394 
0.332016 -0.641789 
0.917130 0.000086 
0.917637 0.000541 
0.917559 0.000777 
0.039479 -1.718770 
0.709442 -0.229578 
0.710359 -0.222228 
0.854253 -0.080999 
0.148224 -1.038155 
0.252304 -0.779896 
0.135636 -1.079687 
0.168914 -0.972557 
0.002561 -1.784134 
0.699565 -0.232004 
0.112853 -1.169225 
0.113099 -1.170277 
0.682241 -0.247749 
0.270176 -0.745999 
0.775127 -0.161639 
0.721061 -0.212663 
0.720859 -0.212359 
0.600051 -0.325175 
0.600722 -0.324273 
0.725931 -0.207620 
0.374321 -0.580791 
0.763488 -0.173052 
0.000504 -0.737609 
0.653773 -0.274480 
0.398145 -0.548772 
0.396275 -0.551800 
0.830546 -0.106524 
0.419234 -0.520360 
0.418265 -0.522983 
0.424407 -0.514394 
0.615315 -0.309908 
0.613918 -0.311321 
0.566020 -0.357816 
0.620248 -0.305183 
0.621409 -0.304410 
0.621137 -0.304149 
0.123083 -1.132174 
0.669940 -0.258991 
0.746213 -0.188698 
0.188793 -0.919074 
0.945804 0.049575 
0.946282 0.050845 
0.949860 0.057606 
0.949290 0.056159 
0.801055 -0.136657 
0.732406 -0.201927 
0.032869 -1.796345 
0.034747 -1.786976 
0.035414 -1.805025 
0.973121 0.115297 
0.323252 -0.656866 
0.173961 -0.959595 
0.184280 -0.930407 
0.183714 -0.935119 
0.812080 -0.126011 
0.812664 -0.125147 
0.903394 -0.020228 
0.912477 -0.006701 
0.913253 -0.005437 
0.908132 -0.013026 
0.654472 -0.273598 
0.673234 -0.256317 
0.025203 -1.994109 
0.453888 -0.479018 
0.284361 -0.719922 
0.539813 -0.385172 
0.540552 -0.384226 
0.540406 -0.384148 
0.537897 -0.386784 
0.006971 -2.296099 
0.554245 -0.369878 
0.610078 -0.315358 
0.624611 -0.301378 
0.290173 -0.709529 
0.291216 -0.708297 
0.929240 0.019127 
0.446098 -0.487996 
0.578105 -0.345807 
0.116333 -1.156631 
0.117964 -1.150602 
0.157336 -1.010081 
0.357653 -0.603897 
0.650679 -0.276956 
0.618523 -0.306832 
0.617974 -0.307688 
0.625172 -0.300673 
0.502463 -0.424515 
0.477779 -0.451443 
0.478370 -0.450017 
0.479548 -0.449219 
0.398783 -0.546867 
0.434043 -0.502882 
0.009543 -2.297616 
0.784146 -0.153123 
0.612506 -0.312854 
0.080496 -1.345370 
0.856281 -0.078609 
0.849246 -0.086813 
0.849915 -0.085575 
0.164763 -0.988677 
0.166270 -0.979252 
0.875796 -0.055557 
0.754177 -0.181691 
0.175926 -0.953211 
0.725062 -0.208481 
0.110554 -1.178607 
0.613454 -0.312131 
0.857742 -0.076635 
0.829416 -0.107923 
0.745549 -0.189972 
0.837124 -0.099653 
0.845943 -0.090645 
0.847699 -0.088011 
0.171516 -0.967044 
0.172103 -0.964432 
0.174976 -0.956868 
0.861857 -0.072071 
0.898265 -0.026876 
0.880061 -0.050207 
0.873116 -0.059482 
0.069422 -1.416831 
0.803941 -0.133549 
0.568060 -0.355939 
0.606998 -0.318191 
0.606348 -0.319181 
0.017905 -2.109804 
0.018386 -2.169609 
0.387862 -0.562068 
0.431953 -0.506088 
0.823383 -0.114403 
0.593979 -0.330019 
0.749772 -0.185351 
0.168512 -0.975941 
0.500235 -0.426635 
0.162002 -0.995514 
0.776285 -0.160379 
0.934423 0.028175 
0.057864 -1.514657 
0.058994 -1.509052 
0.330045 -0.644297 
0.874758 -0.057462 
0.777655 -0.159135 
0.201383 -0.889851 
0.999346 0.000000 
0.003859 -2.094801 
0.791738 -0.145595 
0.485244 -0.443249 
0.904202 -0.018911 
0.788697 -0.148818 
0.936080 0.031329 
0.120767 -1.136573 
0.295205 -0.699869 
0.280966 -0.725573 
0.716871 -0.216278 
0.786128 -0.151347 
0.254556 -0.773342 
0.320936 -0.659412 
0.257372 -0.769477 
0.089338 -1.280673 
0.087152 -1.299706 
0.715309 -0.217660 
0.872068 -0.060656 
0.314642 -0.668886 
0.694938 -0.236029 
0.821574 -0.116499 
0.813919 -0.124138 
0.814930 -0.123099 
0.814538 -0.123117 
0.651735 -0.276324 
0.115303 -1.157225 
0.115910 -1.153177 
0.219686 -0.848024 
0.889148 -0.039207 
0.350677 -0.614219 
0.816252 -0.121155 
0.815714 -0.122144 
0.015298 -2.242991 
0.405472 -0.538053 
0.910437 -0.010111 
0.297166 -0.698584 
0.945255 0.047923 
0.325241 -0.650806 
0.887917 -0.040603 
0.642754 -0.284544 
0.353057 -0.609727 
0.974593 0.120532 
0.973674 0.117062 
0.115079 -1.159792 
0.662076 -0.266034 
0.209152 -0.870498 
0.793131 -0.144866 
0.154422 -1.013626 
0.782325 -0.155176 
0.793826 -0.143603 
0.264228 -0.754676 
0.635085 -0.291487 
0.861229 -0.072664 
0.015784 -2.206219 
0.634025 -0.292774 
0.278660 -0.728903 
0.416410 -0.525526 
0.416109 -0.525015 
0.645794 -0.281739 
0.759172 -0.176970 
0.877155 -0.054312 
0.905093 -0.017515 
0.664854 -0.263420 
0.298085 -0.622637 
0.352681 -0.610896 
0.925366 0.013058 
0.760265 -0.176069 
0.759103 -0.177046 
0.937412 0.033656 
0.940074 0.038760 
0.790594 -0.146801 
0.017532 -2.206637 
0.160498 -1.001473 
0.891867 -0.035495 
0.388363 -0.561387 
0.390868 -0.558363 
0.873678 -0.058504 
0.105260 -1.202296 
0.894976 -0.031760 
0.237822 -0.809132 
0.762293 -0.174340 
0.822162 -0.115466 
0.127391 -1.106593 
0.703692 -0.228638 
0.262267 -0.760386 
0.261381 -0.762041 
0.926605 0.014627 
0.709995 -0.222194 
0.083112 -1.326415 
0.245822 -0.790663 
0.001576 -1.513659 
0.001286 -1.265823 
0.699141 -0.231986 
0.117607 -1.146271 
0.117076 -1.150309 
0.192001 -0.911637 
0.191102 -0.915058 
0.191728 -0.912643 
0.190092 -0.916756 
0.201955 -0.887744 
0.202151 -0.886965 
0.012295 -2.358267 
0.714168 -0.218782 
0.718457 -0.214526 
0.718792 -0.214555 
0.717847 -0.215316 
0.315245 -0.668339 
0.102721 -1.214234 
0.103229 -1.217038 
0.206935 -0.876041 
0.205915 -0.877543 
0.204659 -0.879217 
0.204037 -0.882418 
0.839223 -0.097016 
0.840091 -0.096139 
0.256835 -0.771872 
0.915574 -0.001838 
0.916549 -0.000402 
0.707925 -0.224627 
0.707532 -0.224513 
0.855677 -0.079860 
0.144121 -1.048165 
0.143491 -1.052423 
0.144538 -1.050562 
0.142515 -1.056975 
0.146297 -1.045226 
0.145953 -1.043315 
0.146885 -1.040852 
0.984420 0.157360 
0.982809 0.150971 
0.004856 -2.331210 
0.004700 -2.129461 
0.004422 -2.173892 
0.001200 -1.329735 
0.002291 -1.662085 
0.002445 -1.847022 
0.696708 -0.234277 
0.317492 -0.664725 
0.267908 -0.750034 
0.109358 -1.183210 
0.107289 -1.195961 
0.721723 -0.211650 
0.722107 -0.211635 
0.198655 -0.892873 
0.808730 -0.128953 
0.809018 -0.128994 
0.000000 -0.221592 
0.826178 -0.110977 
0.827191 -0.109975 
0.825488 -0.112301 
0.824442 -0.113230 
0.831019 -0.106506 
0.832225 -0.104881 
0.123645 -1.124752 
0.099517 -1.231918 
0.924049 0.010725 
0.923121 0.009484 
0.807069 -0.131005 
0.804777 -0.132880 
0.944110 0.045479 
0.944716 0.047535 
0.802099 -0.135605 
0.803364 -0.134621 
0.869745 -0.063059 
0.975166 0.123343 
0.096933 -1.244184 
0.208984 -0.872015 
0.811753 -0.126212 
0.811562 -0.126244 
0.919431 0.003106 
0.920533 0.005005 
0.919448 0.003407 
0.909050 -0.011906 
0.908482 -0.013130 
0.834793 -0.102338 
0.819768 -0.118310 
0.819328 -0.118364 
0.929617 0.019995 
0.301198 -0.690411 
0.150566 -1.027695 
0.010210 -2.293178 
0.160010 -0.999720 
0.838554 -0.098276 
0.691834 -0.239636 
0.248066 -0.786939 
0.828881 -0.108376 
0.308841 -0.678347 
0.308308 -0.680079 
0.307217 -0.682513 
0.728400 -0.205556 
0.724017 -0.209440 
0.126214 -1.115970 
0.125085 -1.123213 
0.828046 -0.109125 
0.827428 -0.110426 
0.938461 0.036111 
0.938021 0.035031 
0.784825 -0.152530 
0.877667 -0.053468 
0.726473 -0.207525 
0.822509 -0.115467 
0.823139 -0.114227 
0.934017 0.027727 
0.991808 0.207234 
0.991478 0.208804 
0.138002 -1.071488 
0.979709 0.138246 
0.980307 0.141147 
0.981517 0.145202 
0.990425 0.197067 
0.987324 0.172434 
0.988704 0.178721 
0.988202 0.180237 
0.977374 0.129970 
0.976807 0.127735 
0.979207 0.137403 
0.977434 0.129490 
0.992795 0.225148 
1.000000 0.000000 
0.990804 0.199138 
0.875271 -0.056415 
0.101374 -1.229598 
0.356581 -0.605421 
0.694073 -0.237204 
0.928626 0.017840 
0.914261 -0.003877 
0.040093 -1.707980 
0.782712 -0.155020 
0.145385 -1.045682 
0.697525 -0.233504 
0.696963 -0.234418 
0.157967 -1.007279 
0.299060 -0.701172 
0.420730 -0.519621 
0.239289 -0.805099 
0.368905 -0.587397 
0.885212 -0.043899 
0.729764 -0.204505 
0.907090 -0.014649 
0.260050 -0.763124 
0.914692 -0.002982 
0.693364 -0.237710 
0.388927 -0.560498 
0.334693 -0.637454 
0.032563 -1.832454 
0.198042 -0.895756 
0.732598 -0.201974 
0.132850 -1.089410 
0.001590 -1.603745 
0.002123 -1.627576 
0.192595 -0.908719 
0.381512 -0.570342 
0.238852 -0.806235 
0.668101 -0.261236 
0.660650 -0.267401 
0.809649 -0.127940 
0.681149 -0.248776 
0.276994 -0.733947 
0.802511 -0.135548 
0.098572 -1.241646 
0.923666 0.010159 
0.319243 -0.661795 
0.232734 -0.819273 
0.916103 -0.001103 
0.919984 0.004080 
0.924837 0.011753 
0.638474 -0.288707 
0.935060 0.029469 
0.635731 -0.290720 
0.636797 -0.289959 
0.430903 -0.507036 
0.418710 -0.522084 
0.217639 -0.850855 
0.634638 -0.291923 
0.632413 -0.293677 
0.427125 -0.511211 
0.005117 -2.289191 
0.077938 -1.360068 
0.265934 -0.751992 
0.829926 -0.107595 
0.126792 -1.108979 
0.232366 -0.817886 
0.129575 -1.106011 
0.443283 -0.491794 
0.195736 -0.903546 
0.195450 -0.901881 
0.091824 -1.276272 
0.281342 -0.727060 
0.382102 -0.569791 
0.252895 -0.777432 
0.253365 -0.778494 
0.158191 -1.005734 
0.114248 -1.166458 
0.404401 -0.539111 
0.404932 -0.539837 
0.135036 -1.080121 
0.134605 -1.084088 
0.900223 -0.024446 
0.484803 -0.444047 
0.860669 -0.073248 
0.871077 -0.061839 
0.300180 -0.692267 
0.127616 -1.110875 
0.219227 -0.845643 
0.100820 -1.227273 
0.883090 -0.047134 
0.014773 -2.295387 
0.759689 -0.176393 
0.723282 -0.210535 
0.935477 0.029817 
0.186807 -0.926332 
0.810738 -0.127407 
0.266188 -0.752608 
0.785241 -0.152437 
0.978625 0.133983 
0.794234 -0.143711 
0.978085 0.133359 
0.731878 -0.202924 
0.300607 -0.690839 
0.427476 -0.510872 
